9 40 wcwj 2014-12-16-16-30-44 56 39 17
9 41 client 2014-12-16-16-30-44 43 42 1
9 42 client 2014-12-16-16-30-44 77 80 3
9 43 timzxz 2014-12-16-16-30-44 61 64 3
9 44 yjc 2014-12-16-16-30-44 15 54 39
9 45 client 2014-12-16-16-30-44 35 9 26
9 46 timzxz 2014-12-16-16-30-44 58 37 21
9 47 yjc 2014-12-16-16-30-44 36 32 4
9 48 yjc 2014-12-16-16-30-44 32 27 5
9 49 client 2014-12-16-16-30-44 51 26 25
9 50 yjc 2014-12-16-16-30-44 56 54 2
9 51 wcwj 2014-12-16-16-30-44 47 77 30
9 52 timzxz 2014-12-16-16-30-44 80 52 28
9 53 rainy 2014-12-16-16-30-44 71 75 4
9 54 client 2014-12-16-16-30-44 54 13 41
9 55 client 2014-12-16-16-30-44 15 6 9
9 56 timzxz 2014-12-16-16-30-44 50 6 44
9 57 rainy 2014-12-16-16-30-44 88 49 39
9 58 client 2014-12-16-16-30-44 35 10 25
9 59 client 2014-12-16-16-30-44 20 19 1
9 60 yjc 2014-12-16-16-30-44 82 12 70
9 61 rainy 2014-12-16-16-30-44 27 28 1
9 62 timzxz 2014-12-16-16-30-44 24 43 19
9 63 client 2014-12-16-16-30-44 16 83 67
9 64 timzxz 2014-12-16-16-30-44 53 58 5
9 65 timzxz 2014-12-16-16-30-44 52 12 40
9 66 wcwj 2014-12-16-16-30-44 86 32 54
9 67 yjc 2014-12-16-16-30-44 89 16 73
9 68 rainy 2014-12-16-16-30-44 42 19 23
9 69 timzxz 2014-12-16-16-30-44 40 76 36
9 70 rainy 2014-12-16-16-30-44 79 60 19
9 71 yjc 2014-12-16-16-30-44 48 47 1
9 72 client 2014-12-16-16-30-44 12 81 69
9 73 client 2014-12-16-16-30-44 45 44 1
9 74 client 2014-12-16-16-30-44 47 82 35
9 75 client 2014-12-16-16-30-44 30 74 44
9 76 client 2014-12-16-16-30-44 87 9 78
9 77 yjc 2014-12-16-16-30-44 31 5 26
9 78 timzxz 2014-12-16-16-30-44 52 79 27
9 79 client 2014-12-16-16-30-44 23 59 36
9 80 yjc 2014-12-16-16-30-44 81 81 0
9 81 yjc 2014-12-16-16-30-44 71 27 44
9 82 yjc 2014-12-16-16-30-44 10 50 40
9 83 timzxz 2014-12-16-16-30-44 69 34 35
9 84 client 2014-12-16-16-30-44 62 36 26
9 85 wcwj 2014-12-16-16-30-44 63 65 2
9 86 timzxz 2014-12-16-16-30-44 3 10 7
9 87 rainy 2014-12-16-16-30-44 30 57 27
9 88 client 2014-12-16-16-30-44 44 81 37
9 89 timzxz 2014-12-16-16-30-44 1 14 13
9 90 client 2014-12-16-16-30-44 63 51 12
9 91 yjc 2014-12-16-16-30-44 67 55 12
9 92 client 2014-12-16-16-30-44 54 30 24
9 93 rainy 2014-12-16-16-30-44 27 89 62
9 94 client 2014-12-16-16-30-44 11 33 22
9 95 rainy 2014-12-16-16-30-44 21 52 31
9 96 timzxz 2014-12-16-16-30-44 8 18 10
9 97 wcwj 2014-12-16-16-30-44 11 7 4
9 98 rainy 2014-12-16-16-30-44 11 74 63
9 99 wcwj 2014-12-16-16-30-44 80 48 32
9 100 client 2014-12-16-16-30-44 41 38 3
9 101 timzxz 2014-12-16-16-30-44 8 8 0
9 102 rainy 2014-12-16-16-30-44 64 58 6
9 103 wcwj 2014-12-16-16-30-44 7 56 49
9 104 timzxz 2014-12-16-16-30-44 14 82 68
9 105 rainy 2014-12-16-16-30-44 7 32 25
9 106 wcwj 2014-12-16-16-30-44 26 12 14
9 107 wcwj 2014-12-16-16-30-44 14 71 57
9 108 timzxz 2014-12-16-16-30-44 29 29 0
9 109 timzxz 2014-12-16-16-30-44 79 28 51
9 110 wcwj 2014-12-16-16-30-44 0 44 44
9 111 timzxz 2014-12-16-16-30-44 22 67 45
9 112 wcwj 2014-12-16-16-30-44 69 19 50
9 113 client 2014-12-16-16-30-44 74 66 8
9 114 wcwj 2014-12-16-16-30-44 84 79 5
9 115 client 2014-12-16-16-30-44 41 42 1
9 116 wcwj 2014-12-16-16-30-44 87 47 40
9 117 rainy 2014-12-16-16-30-44 34 73 39
9 118 wcwj 2014-12-16-16-30-44 73 40 33
9 119 rainy 2014-12-16-16-30-44 23 37 14
9 120 rainy 2014-12-16-16-30-44 20 5 15
9 121 client 2014-12-16-16-30-44 31 87 56
9 122 rainy 2014-12-16-16-30-44 74 77 3
9 123 yjc 2014-12-16-16-30-44 89 2 87
9 124 wcwj 2014-12-16-16-30-44 76 83 7
9 125 yjc 2014-12-16-16-30-44 10 72 62
9 126 yjc 2014-12-16-16-30-44 89 14 75
9 127 client 2014-12-16-16-30-44 77 49 28
9 128 yjc 2014-12-16-16-30-44 88 20 68
9 129 yjc 2014-12-16-16-30-44 79 0 79
9 130 yjc 2014-12-16-16-30-44 60 89 29
9 131 wcwj 2014-12-16-16-30-44 82 6 76
9 132 yjc 2014-12-16-16-30-44 33 34 1
9 133 yjc 2014-12-16-16-30-44 64 15 49
9 134 yjc 2014-12-16-16-30-44 78 30 48
9 135 client 2014-12-16-16-30-44 7 40 33
9 136 rainy 2014-12-16-16-30-44 35 73 38
9 137 wcwj 2014-12-16-16-30-44 83 52 31
9 138 yjc 2014-12-16-16-30-44 44 82 38
9 139 rainy 2014-12-16-16-30-44 2 73 71